2.50  2.3  1.70  1.40  723.0                                               
5.20  4.0  3.00  2.50  4052.0                                                
2.00  1.6  1.70  1.40  345.0                                                 
1.60  1.6  1.60  1.30  330.9                                                 
1.40  1.0  1.40  1.10  163.5                                                 
3.20  1.9  1.90  1.50  1160.0                                                
1.90  1.8  1.10  .80  386.6                                                  
2.40  2.4  1.60  1.10  693.5                                                 
2.50  1.8  2.00  1.30  674.4                                                 
2.10  1.5  1.25  .85  217.5                                                  
2.40  2.2  2.00  1.50  771.3                                                 
2.40  1.7  1.30  1.20  341.7                                                 
1.90  1.2  1.45  1.15  125.7                                                 
2.70  2.5  2.20  1.50  462.5                                                 
1.30  1.1  .70  .70  64.5                                                    
2.90  2.7  1.90  1.90  850.6                                                 
2.10  1.0  1.80  1.50  226.0                                                 
4.10  3.8  2.00  1.50  1745.1                                                
2.80  2.5  2.20  1.50  908.0                                                 
1.27  1.0  .92  .62  213.5                                              
