1 1 21798086 538707
1 2 22640528 439184
1 3 22572010 1059775
1 4 24789710 560013
1 5 25876764 1004997
1 6 28033613 1097314
1 7 22525887 609833
2 1 12004031 270222
2 2 12713178 229566
2 3 13596610 596850
2 4 14811727 196539
2 5 12774073 134248
2 6 20245789 489312
2 7 24242468 418218
3 1 50216515 769208
3 2 56099793 649707
3 3 58109747 503919
3 4 67807105 675466
3 5 73852437 545745
3 6 84208474 1562266
3 7 83604216 931762
4 1 19507341 291125
4 2 20810822 499927
4 3 23838122 151084
4 4 24212193 141910
4 5 25367578 300373
4 6 35401344 119761
4 7 37580989 141300
5 1 12428727 377662
5 2 13492474 169574
5 3 13303600 243585
5 4 13228920 61215
5 5 14060473 55272
5 6 15227696 312816
5 7 17857683 160196
6 1 6829432 623029
6 2 6219655 280707
6 3 5696577 174422
6 4 4542884 176666
6 5 3663628 153907
6 6 2632086 101874
7 2 4149906 18082
7 3 3696872 408802
7 4 487892 10500
7 7 724571 37500
8 1 2494260 11234
8 2 3394857 42146
8 3 3314038 86599
8 4 10595191 41500
8 5 12863955 115592
8 7 2426480 170623
9 1 3140245 78436
9 2 3964679 47501
9 3 4899610 51499
9 4 5247896 144621
9 5 6280799 8998
9 6 7721616 259875
9 7 9324806 548369
10 1 30035148 383658
10 2 32618878 420764
10 3 36071278 588094
10 4 42494763 717523
10 5 49524793 1133547
10 6 48872610 1372065
10 7 40636397 601273
11 1 211719199 2140846
11 2 232681695 2382040
11 3 230007534 2929906
11 4 234635378 3165114
11 5 251852677 3595126
11 6 207512194 4284873
11 7 215038202 2739517
12 1 22525133 389158
12 2 23545828 374650
12 3 24979337 684493
12 4 27390359 143933
12 5 27337832 1236701
12 6 28268401 734178
12 7 25281128 850133
13 1 11939588 348156
13 2 10566079 331977
13 3 19387104 116060
13 4 23062327 266805
13 5 23089131 310604
13 6 23799825 278189
13 7 21317594 79680
14 1 28171269 1238292
14 2 32008767 576512
14 3 31300733 831404
14 4 33507831 1303705
14 5 32207902 673907
14 6 23471988 605122
14 7 24101833 664457
15 1 24766193 348918
15 2 26078216 370878
15 3 30044642 679015
15 4 31886024 815234
15 5 37129722 787158
15 6 35982441 867186
15 7 35300899 434384
16 1 38056609 501744
16 2 27027036 490322
16 3 34508011 288718
16 4 47219834 733864
16 5 47544814 1089948
16 6 38168079 663617
16 7 32437577 582524
17 1 24859345 111484
17 2 31348102 292036
17 3 34311081 309761
17 4 38116969 903327
17 5 40921687 309404
17 6 46388415 844651
17 7 29413879 622879
19 3 584921 39110
19 5 790496 182828
19 6 1459268 158752
19 7 1198147 15218
20 2 1248303 76795
20 5 2168747 36088
20 6 1843376 62788
20 7 2353645 69600
21 1 4721960 126583
21 2 4936589 124071
21 3 5988667 112488
21 4 6836759 158834
21 5 7670467 532500
21 6 5103933 43724
21 7 4365821 3500
23 1 23173030 117766
23 2 27970610 243929
23 3 32939613 352193
23 4 34898819 576683
23 5 38666318 203312
23 6 39018294 639064
23 7 43386511 423313
24 1 8155680 368612
24 2 10010676 227886
24 3 6232545 224393
24 4 7394027 269011
24 5 8827295 187958
24 6 8244511 270941
24 7 8357388 103073
25 1 33174216 992111
25 2 33929034 861857
25 3 33930095 1229651
25 4 31335349 1194090
25 5 27986197 674696
25 6 27960360 911083
25 7 24171183 595925
26 1 24864691 171768
26 2 24513649 478225
26 3 24202768 304261
26 4 29462623 405819
26 5 30570568 490959
26 6 32674597 655637
26 7 33601901 194720
27 1 21143095 193805
27 2 21949119 591933
27 3 33006399 1376195
27 4 35012750 1569869
27 5 35093028 1770362
27 6 31437635 1584526
27 7 38785568 686330
28 1 14063006 83244
28 2 17535057 97882
28 3 17521388 230937
28 4 20951695 166281
28 5 22305798 80926
28 6 23607400 145161
28 7 25766947 251852
29 1 31844283 727509
29 2 33844240 637332
29 3 43055585 824169
29 4 46934412 1212279
29 5 57825009 1092508
29 6 43149035 1058647
29 7 40664379 448471
30 1 109890415 2108179
30 2 138889855 4121925
30 3 172495213 3687446
30 4 184236306 3968537
30 5 198716792 5204079
30 6 161794404 3881944
30 7 154990570 2142559
31 1 15534295 147874
31 2 17652385 189352
31 3 19034096 157894
31 4 15078778 219586
31 5 19666426 499935
31 6 9352445 136531
31 7 11897928 107634
32 1 38033198 401014
32 2 47911424 143187
32 3 55326918 183812
32 4 66707182 247650
32 5 77034529 222286
32 6 75453903 217292
32 7 76011263 108300
33 1 24679406 20496
33 2 29243897 52714
33 3 33420158 83450
33 4 26693266 9500
33 5 23889630 10642
33 6 24554121 149565
34 1 81639041 2315716
34 2 88096749 2068151
34 3 96589758 2348199
34 4 90214474 2927326
34 5 91415878 2076388
34 6 78948454 2192662
34 7 75541403 1315745
35 1 141679901 1039667
35 2 152507292 1168176
35 3 151544121 1684628
35 4 172714585 1709070
35 5 118112741 22411146
35 6 188540013 1846560
35 7 188080205 795193
36 1 138433273 2270992
36 2 148751843 2670269
36 3 171364057 3154485
36 4 180969565 2910129
36 5 190962808 4194534
36 6 163181576 2940649
36 7 144772872 1190392
37 1 7584291 188300
37 2 7663938 216447
37 3 5816169 227945
37 4 4519795 120519
37 5 4173473 239610
37 6 2813954 74187
37 7 1751035 92809
38 1 1679525 257004
38 2 1659623 22500
38 3 2100761 179596
38 4 2444614 78045
38 5 2290289 136500
38 6 1769603 132421
39 1 89617108 1824667
39 2 10529332 1354204
39 3 121675468 1615600
39 4 113759934 3439832
39 5 106241178 2372270
39 6 117696551 2781589
39 7 131918966 1145657
40 1 39189024 1774180
40 2 40208840 828369
40 3 42603592 1164966
40 4 41303042 1312461
40 5 46864132 939836
40 6 49639346 2042816
40 7 26858912 553718
41 1 493502986 6930096
41 2 523950857 6148910
41 3 596534761 7711975
41 4 648381669 9269550
41 5 756980175 12033862
41 6 717355951 8425861
41 7 671740789 6130321
42 1 188580465 3181329
42 2 230254574 3396889
42 3 258723935 4883645
42 4 274052331 6288206
42 5 306701321 5611726
42 6 252446006 4156754
42 7 228485713 2285936
43 1 1076853336 14791523
43 2 1160411930 10323164
43 3 1358874727 15691903
43 4 1477578301 16481920
43 5 1608439866 22540025
43 6 1614075733 18924240
43 7 1587379829 12302933
44 1 400776887 13167187
44 2 439405026 11588936
44 3 515789316 13164872
44 4 511546484 17560626
44 5 508739866 21897988
44 6 417518604 13886374
44 7 412916221 9281573
45 1 9124894 104514
45 2 8640154 64351
45 3 7561489 220480
45 4 13351122 260506
45 5 17648304 149896
45 6 13835781 177491
45 7 15799659 151138
46 1 14227234 225349
46 2 14662758 372707
46 3 13563646 266912
46 4 16049163 180843
46 5 7222573 141104
46 6 6470960 464746
46 7 7127968 51500
47 1 72009717 471987
47 2 81190936 382908
47 3 83294158 678766
47 4 101533560 928766
47 5 114551541 1873704
47 6 120071617 807600
47 7 127493896 320233
48 1 21790188 1084102
48 2 33262400 506559
48 3 31263030 673649
48 4 40355211 779146
48 5 35877383 857853
48 6 22915935 358744
48 7 19895890 376492
49 3 7335637 8431
49 4 7383931 8463
49 5 6786271 3686
50 1 5029937 10887
50 2 6405035 103272
50 3 8962965 72445
50 4 6565558 38735
50 5 8298029 116024
50 6 8299929 283258
50 7 7765637 105850
51 1 23104764 175142
51 2 27125181 261911
51 3 29397033 330441
51 4 34084793 220702
51 5 34811381 221741
51 6 42012182 619084
51 7 34210076 364423
52 1 3016725 98664
52 2 2110339 82792
52 3 2978128 45235
52 4 4947120 129101
52 5 5245604 239601
52 6 3941599 156914
52 7 2935881 32762
53 1 12111455 315162
53 2 15593028 175347
53 3 20867120 232339
53 4 21410061 148191
53 5 20919053 148971
53 6 22824203 234977
53 7 7992500 35120
54 1 22794762 377559
54 2 16358650 225066
54 3 21397233 201408
54 4 24139786 258598
54 5 25935295 376629
54 6 26318495 583853
54 7 21513579 154282
55 3 450607 26867
56 1 39375739 183729
56 2 41660941 253380
56 3 41434679 343244
56 4 45915594 225532
56 5 48077645 105553
56 6 46190580 250581
56 7 48001269 60450
57 1 163342957 773290
57 2 88046040 950805
57 3 209330794 2318372
57 4 223405673 1966799
57 5 115906575 2083123
57 6 47200765 2481152
57 7 37125028 516619
58 1 1582136 33950
58 4 2572060 18412
59 1 20468845 302620
59 2 23377052 726287
59 3 26147695 292036
59 4 25801216 248576
59 5 36527190 1001047
59 6 33681736 142442
59 7 26612618 88206
60 1 24779341 186710
60 2 26577845 108013
60 3 25679916 166504
60 4 33945076 168370
60 5 32490822 477428
60 6 66772790 334805
60 7 8337246 50451
61 1 67597823 350694
61 2 72333674 185068
61 3 77305484 131137
61 4 86131464 477613
61 5 89236341 132406
61 6 116875583 305702
61 7 116536546 169213
62 1 27125589 289393
62 2 31026734 520115
62 3 31952471 733091
62 4 38678601 971153
62 5 50135420 552827
62 6 51349900 432620
62 7 46002657 141228
63 1 5490003 46512
63 2 5130725 33179
63 3 6346136 57335
63 4 7830414 79260
63 5 9003930 57728
63 6 4059519 15671
63 7 4345173 16932
64 1 12937143 53238
64 2 13812853 222145
64 3 14600120 152171
64 4 16720545 405253
64 5 18259745 895203
64 6 11611818 325950
64 7 12050112 259307
66 1 3372342 12618
66 2 4957866 16738
66 3 4976225 79200
66 4 6110830 62141
66 5 7063073 49300
66 6 5378775 30529
66 7 5405090 18750
67 1 20012771 86790
67 2 22555092 54500
67 4 23139219 40874
67 5 26508048 185322
67 6 26721238 88744
67 7 26143975 32509
68 1 30697342 325094
68 2 33505572 730330
68 3 39007165 804643
68 4 45700829 656593
68 5 49336957 960338
68 6 45958189 839480
68 7 43258125 819031
69 1 28237602 559718
69 2 32931312 301679
69 3 33227406 342556
69 4 39383623 459514
69 5 39710664 369830
69 6 32135732 463212
69 7 29886290 138668
70 2 857456 17000
70 5 609284 21563
70 6 499244 2550
70 7 341978 7600
71 1 149522987 2243821
71 2 155921438 2935172
71 3 149463133 2551411
71 4 156495587 2541658
71 5 132706576 3491156
71 6 104588639 2741726
71 7 79418153 1781270
72 1 25969226 936384
72 2 33107562 771134
72 3 37053424 1176644
72 4 40105604 2238470
72 5 42137626 1705827
72 6 44317286 2402206
72 7 42831726 998274
73 1 109727515 2505721
73 2 111250557 2600133
73 3 114566586 2366325
73 4 143133426 2936005
73 5 179852656 4980010
73 6 158632827 4554005
73 7 130277681 2170374
74 1 24657446 428505
74 2 27252047 584198
74 3 34313427 780737
74 4 48713355 568411
74 5 62463163 996150
74 6 62821338 1851949
74 7 58167406 1437342
75 1 4635081 71932
75 2 6676915 76044
75 3 7163162 1040582
75 4 7509642 278890
75 5 6091676 297011
75 6 4801644 16680
75 7 3798499 19570
76 1 26941444 1523050
76 2 27005374 726021
76 3 40925748 2227595
76 4 42794092 2241043
76 5 50533403 2686884
76 6 42853732 1235643
76 7 43151550 1339032
77 1 241242170 4064107
77 2 260050016 3507860
77 3 293874853 5673842
77 4 347610263 6600927
77 5 407206410 8076512
77 6 381240905 9048778
77 7 316827641 4835817
78 1 21834276 1116947
78 2 24289389 1156293
78 3 26590185 947665
78 4 33085882 1131602
78 5 37393442 1138077
78 6 37085072 1942467
78 7 29484404 1769216
79 1 484542478 5873364
79 2 516410679 5580000
79 3 612718970 6580660
79 4 778141048 8480126
79 5 933927586 11747286
79 6 837460151 11506309
79 7 823540456 6363269
80 1 337016621 8341391
80 2 383030593 7947246
80 3 444858785 9957382
80 4 494127462 10696279
80 5 573459505 14952185
80 6 460471568 11975633
80 7 411094525 8088591
81 1 1678351 268983
81 2 2766610 293717
81 7 2410747 46983
82 1 19139111 146591
82 2 15250014 450069
82 3 5937661 120038
82 4 5748909 54334
82 5 6099707 79225
82 6 6393692 104842
82 7 6396749 54913
83 2 7248724 38297
83 3 20372214 380450
83 4 24438753 599656
83 5 30284192 733591
83 6 25440184 541206
83 7 19053737 216545
84 1 2555760 3999
84 4 4147374 20000
84 5 5415438 10200
85 1 1882882 491155
85 3 699763 9500
85 4 2642635 41239
86 1 433689 23110
86 2 579295 52965
86 3 1888551 129363
86 4 1062573 72931
86 5 764529 119664
86 6 575091 212263
86 7 518852 32000
87 1 992135 17446
87 2 1018086 18753
87 4 1145576 96760
87 5 3892916 286605
87 6 2179505 29287
88 1 286652537 2468560
88 2 327549794 3401366
88 3 363596957 5422494
88 4 384610394 6009402
88 5 410095260 7682568
88 6 425206918 6919518
88 7 409026813 5092578
89 1 250065709 4785125
89 2 303706645 6422628
89 3 315668497 7722638
89 4 395667661 10047060
89 5 394518644 11384364
89 6 349603983 9324049
89 7 319726088 6369069
90 1 60318819 121210
90 2 74169286 32054
90 3 89774403 12235
90 4 102539406 58805
90 5 130862582 84184
90 6 157126568 696627
90 7 163636648 247033
91 1 36903323 350667
91 2 40984574 306021
91 3 39119635 497597
91 4 34256426 208057
91 5 30784622 526764
91 6 27546781 457679
91 7 22519552 159473
92 1 76861184 543694
92 2 84860361 559360
92 3 97459955 439502
92 4 91556250 302649
92 5 104160964 931385
92 6 108159477 641728
92 7 122262246 547258
93 1 22455361 574249
93 2 24508893 696819
93 3 24573769 672280
93 4 24264175 513825
93 5 22564774 533450
93 6 21114872 697521
93 7 19292975 757987
94 1 75482127 864694
94 2 83118489 839390
94 3 88285454 908835
94 4 100002977 1088671
94 5 110779799 2269138
94 6 102279747 1852660
94 7 90206335 1118383
95 1 653956492 4689667
95 2 590077975 4001950
95 3 563942403 5410725
95 4 671763488 3635426
95 5 721014971 7149183
95 6 747547369 5500193
95 7 675097746 4281574
96 1 192750431 2057381
96 2 211141349 2732913
96 3 229248184 2697519
96 4 245337377 4117435
96 5 287634618 4119698
96 6 293068300 4022960
96 7 273133614 3032105
97 1 21709931 177713
97 2 23832098 174695
97 3 25989455 155791
97 4 28210859 458737
97 5 33382788 372560
97 6 35185420 260230
97 7 38657390 118634
98 1 477018232 1916583
98 2 537842107 2218605
98 3 586805062 2382946
98 4 647922253 2360265
98 5 730285763 5256806
98 6 784741752 4312805
98 7 748156291 2634603
99 1 31405266 478173
99 2 36263323 872631
99 3 39662202 672755
99 4 45620069 920983
99 5 49803495 510466
99 6 48965697 739138
99 7 44321882 914435
100 1 59054933 1738019
100 2 72098358 2358683
100 3 79607959 2679043
100 4 80316693 3855668
100 5 90814765 4293751
100 6 76619602 242582
100 7 72978774 1418296
101 1 8678921 346227
101 2 9803526 354702
101 3 8784862 181314
101 4 9394166 400532
101 5 10068619 114668
101 6 9650435 156866
101 7 8764544 198038
102 1 514054148 5610971
102 2 557293311 5608315
102 3 606081740 5094525
102 4 291197602 3413845
102 5 302054660 4433195
102 6 283185968 3833388
102 7 272699866 3606637
103 1 4147121 13100
103 3 4790566 222410
103 4 4937697 76865
103 5 6350938 29800
103 6 5599943 346534
103 7 5245733 52363
104 1 48764143 21015
104 2 54368435 26185
104 3 70495113 60000
104 4 83575874 48904
104 5 94560530 97347
104 6 110016620 77243
104 7 115686229 289763
105 1 220681335 2680864
105 2 237076525 3533857
105 3 263297154 4362730
105 4 284208600 5659167
105 5 299761668 6522245
105 6 290714989 6439913
105 7 229984443 5159319
106 1 18690811 553599
106 2 21991832 686131
106 3 25431630 373331
106 4 29757498 621559
106 5 29583030 930449
106 6 31972861 625163
106 7 29803131 303244
107 1 18370543 421173
107 2 19169416 476994
107 3 20941825 200669
107 4 21343008 155689
107 5 21285402 329873
107 6 23113364 300760
107 7 24134032 183234
108 1 14092284 444330
108 2 13612973 551408
108 3 14699823 609969
108 4 17100322 736448
108 5 18024042 781660
108 6 15469163 651095
108 7 14063564 731923
109 1 3416861519 2052161
109 2 3784782293 2779991
109 3 4284555751 2814303
109 4 4866862481 4196086
109 5 5559891691 6202670
109 6 5948227717 5357248
109 7 6137275140 6633541
110 1 690442346 2841730
110 2 630445853 3072933
110 3 470504472 2469680
110 4 462726271 1737875
110 5 347548389 1698106
110 6 269458657 1457243
110 7 302096838 706363
111 1 1773712734 1912434
111 2 2169653363 1863796
111 3 2253443315 1708796
111 4 2262445806 2437372
111 5 2140274698 2723582
111 6 1892565179 2069504
111 7 1886357964 1014231
112 1 61527503 384495
112 2 57870396 593615
112 3 70838124 266751
112 4 76543560 400315
112 5 91358603 1085454
112 6 98839324 471234
112 7 95944888 418734
113 1 142604414 567583
113 2 153758493 512948
113 3 187642951 1419591
113 4 211609452 895304
113 5 258710007 819245
113 6 257181827 1231375
113 7 272490770 733850
114 1 58773481 956162
114 2 58952303 1212906
114 3 62416901 885291
114 4 65321406 576135
114 5 55164886 632216
114 6 32777500 916972
114 7 30099988 431813
115 1 22640141 353000
115 2 26982541 300183
115 3 25879842 514545
115 4 32376841 556276
115 5 31025023 426913
115 6 34728096 682990
115 7 28692495 69744
116 1 1223456875 2018392
116 2 1434190104 1698731
116 3 1621261681 2602445
116 4 1976427753 2691596
116 5 2240090280 4959226
116 6 2257188913 5748591
116 7 2142352263 3234049
117 1 480721919 5930220
117 2 489791825 6883545
117 3 468110661 7867316
117 4 477107053 8691719
117 5 435089059 8643069
117 6 398898500 7134252
117 7 412578720 6249488
118 1 17532972 6961
118 2 19607417 83190
118 3 22462641 98328
118 4 22253695 101140
118 5 24729365 148597
118 6 29264458 128268
118 7 28043076 112138
119 1 688447555 4742669
119 2 821766634 5096536
119 3 830349943 6008706
119 4 955695913 7061399
119 5 1048747380 9200630
119 6 1080858674 10075347
119 7 1053140929 6244481
120 1 36052962 205307
120 2 40316407 340822
120 3 39483537 158653
120 4 42927612 128628
120 5 44164598 143564
120 6 37715617 461927
120 7 34613171 375239
121 1 3788569 57571
121 2 4216515 46100
121 3 5397424 150931
121 4 5585309 196756
121 5 5623680 367050
121 6 4792099 229725
121 7 3544705 161360
