riskclass year count payroll
1   1   1   32.32
1   2   4   33.78
1   3   3   43.55
1   4   5   46.69
1   5   1   34.71
1   6   3   32.86
1   7   4   36.60
2   1   3   45.99
2   2   1   37.89
2   3   0   34.58
2   4   0   28.30
2   5   2   45.26
2   6   0   39.95
2   7   4   39.32
3   1   5   289.05
3   2   8   392.18
3   3   8   368.98
3   4   8   323.77
3   5   16  385.22
3   6   8   346.39
3   7   9   324.13
4   1   0   NA
4   2   0   NA
4   3   0   NA
4   4   0   0.04
4   5   0   NA
4   6   0   NA
4   7   0   NA
5   1   15  310.39
5   2   10  292.46
5   3   18  262.56
5   4   25  273.26
5   5   27  372.73
5   6   20  263.44
5   7   28  355.83
6   1   27  291.78
6   2   44  267.44
6   3   40  288.55
6   4   31  308.36
6   5   40  387.10
6   6   34  351.45
6   7   37  342.52
7   1   0   NA
7   2   0   NA
7   3   0   NA
7   4   0   NA
7   5   0   NA
7   6   0   NA
7   7   0   NA
8   1   3   41.40
8   2   11  34.07
8   3   4   32.73
8   4   0   32.24
8   5   2   32.78
8   6   4   28.62
8   7   1   24.26
9   1   0   6.45
9   2   1   6.93
9   3   0   5.85
9   4   1   3.03
9   5   0   1.79
9   6   1   1.07
9   7   0   0.69
10  1   11  537.31
10  2   12  569.04
10  3   15  597.15
10  4   15  570.29
10  5   18  1116.75
10  6   10  774.45
10  7   11  534.95
11  1   6   149.68
11  2   6   157.95
11  3   5   174.55
11  4   10  181.32
11  5   13  202.07
11  6   7   187.56
11  7   8   229.83
12  1   20  609.47
12  2   20  645.38
12  3   27  667.38
12  4   15  573.14
12  5   38  782.64
12  6   8   478.75
12  7   13  454.97
13  1   0   120.03
13  2   1   131.02
13  3   8   161.15
13  4   5   182.13
13  5   11  276.52
13  6   2   158.31
13  7   7   168.42
14  1   13  196.72
14  2   12  209.92
14  3   13  196.20
14  4   14  188.82
14  5   19  202.81
14  6   8   180.98
14  7   6   195.63
15  1   11  215.90
15  2   11  224.23
15  3   10  224.31
15  4   6   212.23
15  5   11  245.20
15  6   16  203.70
15  7   15  210.50
16  1   4   57.26
16  2   3   62.66
16  3   6   66.98
16  4   3   63.21
16  5   4   77.68
16  6   3   61.94
16  7   3   44.20
17  1   22  347.83
17  2   7   326.40
17  3   13  307.98
17  4   20  350.91
17  5   23  546.05
17  6   8   410.98
17  7   18  377.29
18  1   0   NA
18  2   0   NA
18  3   0   NA
18  4   0   NA
18  5   0   NA
18  6   0   NA
18  7   0   NA
19  1   3   77.91
19  2   0   78.93
19  3   1   77.56
19  4   1   69.53
19  5   0   65.97
19  6   0   63.27
19  7   2   75.33
20  1   50  1787.46
20  2   90  2027.23
20  3   54  1853.81
20  4   63  1742.14
20  5   56  2119.50
20  6   35  1545.17
20  7   22  1315.37
21  1   10  258.89
21  2   10  314.83
21  3   10  300.00
21  4   11  314.08
21  5   17  258.49
21  6   8   235.08
21  7   8   230.14
22  1   4   86.38
22  2   4   95.04
22  3   4   134.29
22  4   8   113.49
22  5   0   141.72
22  6   0   128.96
22  7   1   105.49
23  1   7   766.95
23  2   8   912.52
23  3   9   866.41
23  4   15  898.69
23  5   34  1806.75
23  6   14  1018.68
23  7   11  984.84
24  1   1   62.15
24  2   1   84.12
24  3   1   75.52
24  4   1   109.24
24  5   2   119.03
24  6   1   116.79
24  7   3   136.57
25  1   59  3431.49
25  2   68  3882.07
25  3   76  3805.56
25  4   77  3919.53
25  5   94  4352.81
25  6   73  3949.55
25  7   73  3927.78
26  1   2   32.58
26  2   2   24.92
26  3   2   30.32
26  4   2   29.73
26  5   0   49.20
26  6   4   34.38
26  7   0   21.54
27  1   1   131.31
27  2   2   130.01
27  3   1   138.98
27  4   5   131.36
27  5   6   187.92
27  6   3   148.77
27  7   3   134.18
28  1   3   103.47
28  2   0   102.28
28  3   1   111.96
28  4   2   115.85
28  5   3   164.76
28  6   3   138.42
28  7   0   123.10
29  1   5   129.50
29  2   13  150.85
29  3   8   180.21
29  4   21  226.04
29  5   33  499.27
29  6   13  344.64
29  7   21  436.15
30  1   0   18.71
30  2   2   16.76
30  3   0   9.34
30  4   0   11.27
30  5   0   2.48
30  6   0   2.06
30  7   0   1.56
31  1   6   133.12
31  2   13  156.84
31  3   20  256.43
31  4   9   253.18
31  5   12  157.62
31  6   2   75.80
31  7   4   71.88
32  1   13  220.00
32  2   15  206.99
32  3   15  222.72
32  4   12  268.90
32  5   39  291.27
32  6   22  290.80
32  7   20  244.78
33  1   0   3.77
33  2   0   1.99
33  3   0   3.11
33  4   0   3.05
33  5   0   14.32
33  6   1   10.91
33  7   0   10.52
34  1   8   283.93
34  2   15  217.93
34  3   18  229.27
34  4   0   224.76
34  5   4   427.33
34  6   1   384.84
34  7   1   420.08
35  1   0   9.16
35  2   0   4.49
35  3   0   7.23
35  4   0   9.17
35  5   0   8.11
35  6   0   12.59
35  7   0   8.91
36  1   22  981.95
36  2   17  527.04
36  3   21  533.93
36  4   19  451.84
36  5   20  352.53
36  6   16  230.16
36  7   19  243.94
37  1   12  543.29
37  2   20  540.96
37  3   22  515.06
37  4   12  534.94
37  5   13  620.38
37  6   17  553.12
37  7   9   510.21
38  1   67  1029.56
38  2   58  1097.43
38  3   68  1272.55
38  4   92  1357.88
38  5   68  1622.74
38  6   77  1160.15
38  7   57  1056.31
39  1   26  239.97
39  2   27  242.63
39  3   31  295.80
39  4   25  281.27
39  5   36  376.99
39  6   20  234.97
39  7   18  218.70
40  1   1   29.92
40  2   3   33.45
40  3   2   32.70
40  4   2   40.21
40  5   0   53.81
40  6   1   45.56
40  7   0   45.40
41  1   54  1100.65
41  2   54  1241.33
41  3   48  1185.71
41  4   35  1251.52
41  5   44  1420.39
41  6   82  1281.87
41  7   30  1170.67
42  1   1   43.10
42  2   0   34.83
42  3   2   47.35
42  4   2   70.78
42  5   0   26.08
42  6   0   77.42
42  7   2   7.12
43  1   48  1348.01
43  2   59  1408.72
43  3   65  1616.47
43  4   73  1485.58
43  5   91  1954.21
43  6   62  1528.90
43  7   43  1252.69
44  1   43  1123.51
44  2   37  1148.06
44  3   36  1198.43
44  4   56  1258.33
44  5   70  1290.73
44  6   26  1213.67
44  7   47  1209.31
45  1   50  1558.52
45  2   54  1798.19
45  3   48  1804.20
45  4   81  1963.51
45  5  122  2758.74
45  6   55  2266.42
45  7   77  2135.64
46  1   84  1677.16
46  2  132  1818.02
46  3  134  1716.88
46  4   94  1828.93
46  5  141  2389.00
46  6   93  1839.00
46  7  106  1586.48
47  1   0   107.18
47  2   2   95.72
47  3   0   78.30
47  4   0   37.14
47  5   1   33.02
47  6   0   31.02
47  7   0   43.08
48  1   5   113.14
48  2   15  148.39
48  3   9   199.21
48  4   12  245.30
48  5   13  305.08
48  6   14  282.83
48  7   15  179.54
49  1   11  389.61
49  2   7   352.24
49  3   12  465.38
49  4   12  458.03
49  5   12  686.36
49  6   9   707.34
49  7   16  499.19
50  1   2   85.85
50  2   0   85.78
50  3   0   104.43
50  4   2   99.88
50  5   0   103.06
50  6   2   96.43
50  7   3   78.01
51  1   0   14.23
51  2   0   13.70
51  3   1   15.45
51  4   0   25.92
51  5   0   38.28
51  6   0   27.82
51  7   0   18.47
52  1   4   89.76
52  2   1   118.46
52  3   3   126.10
52  4   5   106.95
52  5   7   117.23
52  6   2   101.40
52  7   6   57.37
53  1   1   149.06
53  2   2   189.78
53  3   3   152.89
53  4   3   186.37
53  5   3   245.86
53  6   3   216.97
53  7   6   104.67
54  1   0   NA
54  2   0   NA
54  3   0   NA
54  4   0   0.08
54  5   0   NA
54  6   0   NA
54  7   0   NA
55  1   19  161.35
55  2   16  232.13
55  3   14  145.45
55  4   12  178.50
55  5   9   220.08
55  6   2   111.86
55  7   10  119.29
56  1   0   15.66
56  2   0   18.04
56  3   1   23.57
56  4   0   26.77
56  5   0   0.20
56  6   0   21.96
56  7   3   23.23
57  1   6   117.16
57  2   13  134.12
57  3   6   139.91
57  4   8   160.60
57  5   10  188.86
57  6   10  210.03
57  7   3   204.77
58  1   0   150.30
58  2   3   166.08
58  3   0   155.57
58  4   0   150.69
58  5   3   225.84
58  6   1   73.30
58  7   1   191.22
59  1   2   273.62
59  2   4   312.39
59  3   7   384.97
59  4   4   408.28
59  5   11  748.58
59  6   5   426.06
59  7   3   376.15
60  1   4   196.70
60  2   3   217.67
60  3   6   239.07
60  4   5   235.47
60  5   3   366.13
60  6   4   280.20
60  7   2   202.22
61  1   0   NA
61  2   0   NA
61  3   0   0.29
61  4   1   0.43
61  5   0   1.31
61  6   0   1.27
61  7   0   0.81
62  1   6   128.76
62  2   5   129.57
62  3   2   156.73
62  4   4   170.34
62  5   5   205.98
62  6   1   161.75
62  7   1   128.48
63  1   0   3.12
63  2   0   3.68
63  3   0   3.76
63  4   0   3.83
63  5   1   4.99
63  6   0   3.78
63  7   0   2.62
64  1   0  28.39
64  2   1  32.96
64  3   0  44.08
64  4   2  81.34
64  5   1  89.20
64  6   0  81.75
64  7   2  87.90
65  1   1  91.61
65  2   1  112.33
65  3   2  90.28
65  4   3  115.10
65  5   2  106.55
65  6   3   89.53
65  7   1  101.78
66  1   0   64.21
66  2   0   81.46
66  3   0   66.60
66  4   0   82.75
66  5   1   94.38
66  6   1   86.54
66  7   1   92.12
67  1   2   113.12
67  2   6   141.18
67  3   12  186.20
67  4   12  214.23
67  5   10  193.76
67  6   10  221.81
67  7   8   201.13
68  1   0   7.33
68  2   0   13.18
68  3   0   8.65
68  4   1   7.82
68  5   0   13.75
68  6   0   9.58
68  7   1   10.01
69  1   2   174.10
69  2   3   201.45
69  3   5   209.37
69  4   6   253.49
69  5   2   265.07
69  6   5   269.75
69  7   8   192.37
70  1   0   38.71
70  2   0   40.55
70  3   0   48.03
70  4   0   47.99
70  5   0   58.35
70  6   0   54.28
70  7   0   54.81
71  1   3   83.01
71  2   3   82.80
71  3   0   100.00
71  4   5   106.84
71  5   4   145.51
71  6   5   110.82
71  7   5   103.66
72  1   10  121.20
72  2   6   148.55
72  3   6   186.49
72  4   21  310.00
72  5   14  265.61
72  6   10  228.60
72  7   7   107.86
73  1   2   66.97
73  2   5   65.20
73  3   2   79.77
73  4   0   73.76
73  5   6   108.14
73  6   3   84.86
73  7   4   90.60
74  1   64  820.97
74  2   57  1071.59
74  3   65   851.57
74  4   41   772.69
74  5   65  1126.97
74  6   36  416.39
74  7   16  308.01
75  1   10  259.34
75  2   31  282.10
75  3   34  265.38
75  4   27  254.06
75  5   33  335.42
75  6   23  244.50
75  7   20  214.14
76  1   31  646.90
76  2   27  706.32
76  3   25  699.30
76  4   34  705.52
76  5   46  867.37
76  6   38  638.32
76  7   56  572.80
77  1   5   107.35
77  2   8   104.49
77  3   12  124.19
77  4   7   175.42
77  5   12  206.06
77  6   7   177.49
77  7   9   167.09
78  1   3   77.17
78  2   6   76.51
78  3   6   98.67
78  4   13  103.03
78  5   16  122.33
78  6   4   57.53
78  7   12  80.91
79  1   28  263.74
79  2   27  308.35
79  3   18  296.71
79  4   23  303.77
79  5   39  377.93
79  6   14  185.31
79  7   26  162.72
80  1   39  1013.87
80  2   35  956.51
80  3   39  1041.90
80  4   34  1122.15
80  5   51  1400.16
80  6   41  1034.80
80  7   56   891.26
81  1   9    111.09
81  2  10    106.21
81  3   7    102.54
81  4  12    113.14
81  5  13    168.18
81  6  10    149.24
81  7  13     89.15
82  1  82   2913.91
82  2 106   2941.16
82  3  81   3413.53
82  4 104   3402.48
82  5 132   4313.54
82  6  96   3024.05
82  7  89   2844.04
83  1 224   3175.94
83  2 148   3058.31
83  3 160   3226.65
83  4 199   3575.41
83  5 228   4517.68
83  6 178   3478.88
83  7 178   2593.36
84  1   4    79.58
84  2   7    58.31
84  3   11   100.15
84  4   10    78.74
84  5   24   231.50
84  6   11   276.84
84  7   34   459.90
85  1    9    84.89
85  2    3    94.04
85  3    14   98.46
85  4    13  132.10
85  5    17  211.46
85  6    28  172.67
85  7    19  194.28
86  1     0   NA
86  2     0   21.32
86  3     0   20.92
86  4     0   18.53
86  5     1   27.52
86  6     0   10.47
86  7     0   11.96
87  1     3   28.99
87  2     8   21.15
87  3     4   19.40
87  4     1   13.99
87  5     1   5.16
87  6     0   10.73
87  7     0    3.49
88  1     0    7.25
88  2     0    8.41
88  3     0   10.83
88  4     0    6.14
88  5     1   18.04
88  6     1    6.23
88  7     0    3.67
89  1    30   106.14
89  2    36    93.50
89  3    26    96.46
89  4    73   118.53
89  5    54   112.76
89  6    48    93.58
89  7    40    79.63
90  1     6    76.40
90  2     1    80.80
90  3     9    82.88
90  4    11   101.12
90  5    6    164.26
90  6    7    95.67
90  7    4    89.05
91  1    31   1328.93
91  2    33   1334.19
91  3    32   1334.64
91  4    55   1439.62
91  5    57   1900.36
91  6    33   1575.14
91  7    39   1495.91
92  1    54   1283.03
92  2    61   1337.01
92  3    68   1355.12
92  4    91   1519.13
92  5    53   1963.59
92  6    80   1524.38
92  7    76   1419.20
93  1    3    306.70
93  2    1    314.85
93  3    0    357.30
93  4    4    439.51
93  5    4    602.84
93  6    3    554.91
93  7    4    571.59
94  1    1    209.04
94  2    3    249.77
94  3    3    242.95
94  4    3    223.89
94  5   12    286.41
94  6   6     247.95
94  7   4     246.53
95  1   12    598.30
95  2   15    633.97
95  3   12    650.78
95  4   12    761.77
95  5   27    863.57
95  6   15    784.16
95  7   18    748.88
96  1   41    511.40
96  2   27    609.64
96  3   11    518.00
96  4   9     561.83
96  5   10    617.04
96  6   6     448.89
96  7   8     501.48
97  1   26    591.97
97  2   23    609.84
97  3   32    641.19
97  4   41    673.98
97  5   40    801.84
97  6   44    592.05
97  7   24    516.34
98  1   46    3307.71
98  2   42    3156.21
98  3   65    3223.64
98  4   60    3269.97
98  5   103   4895.15
98  6   75    3694.21
98  7   55    3564.24
99  1   25    1055.16
99  2   30    1065.29
99  3   35    1141.62
99  4   48    1193.58
99  5   61    1615.88
99  6   49    1337.94
99  7   38    1269.01
100 1   10     309.50
100 2   16     347.85
100 3   16     339.38
100 4   11     323.84
100 5   15     410.61
100 6    8     325.57
100 7    9     301.40
101 1   12    1768.16
101 2   18    1809.73
101 3   20    2096.20
101 4   20    2054.00
101 5   25    2942.04
101 6   30    2383.74
101 7   27    2327.42
102 1   6      317.95
102 2   18     318.71
102 3   16     305.97
102 4   7      342.67
102 5   19     463.34
102 6   13     340.91
102 7   10     329.48
103 1   12     183.16
103 2   11     204.07
103 3   15     215.90
103 4   22     254.08
103 5   16     309.03
103 6   21     270.10
103 7   24     244.81
104 1   6       49.08
104 2   3       46.45
104 3   3       53.45
104 4   0       45.92
104 5   0       66.05
104 6   3       52.83
104 7   1       43.96
105 1   63      2126.66
105 2   63      2273.04
105 3   77      2325.10
105 4   61      2452.34
105 5   93      3209.57
105 6   68      2439.08
105 7   62      2236.10
106 1   1       39.87
106 2   2       39.84
106 3   1       42.82
106 4   1       37.46
106 5   3       54.21
106 6   0       40.64
106 7   2       37.57
107 1   0       231.29
107 2   1       250.28
107 3   1       241.72
107 4   0       245.19
107 5   0       448.44
107 6   0       341.28
107 7   0       295.57
108 1   14      679.88
108 2   17      906.12
108 3   7       950.96
108 4   9       977.76
108 5   20      1340.55
108 6   24      1026.95
108 7   31      969.72
109 1   3       53.71
109 2   2       67.57
109 3   5       63.94
109 4   1       71.65
109 5   4       98.16
109 6   7       79.25
109 7   3       59.12
110 1   1       44.04
110 2   2       48.52
110 3   3       57.82
110 4   3       45.61
110 5   1       72.05
110 6   1       30.10
110 7   2       24.97
111 1   6       63.79
111 2   3       67.67
111 3   2       77.92
111 4   6       82.33
111 5   4      105.88
111 6   5       75.42
111 7   10      70.85
112 1   29     12075.62
112 2   24     12618.15
112 3   21     13622.26
112 4   26     14833.85
112 5   45     21163.60
112 6   31     19070.07
112 7   45     18809.67
113 1   18     2582.74
113 2   25     3288.78
113 3   25     3107.03
113 4   17     3201.17
113 5   46     4361.03
113 6   33     3310.56
113 7   12     2020.39
114 1   3      3178.43
114 2   11     2294.95
114 3   8      2563.54
114 4   6      2828.97
114 5   9      4422.09
114 6   14     3809.18
114 7   9      4112.04
115 1   2       142.48
115 2   0       153.85
115 3   4       172.00
115 4   5       186.04
115 5   1       202.44
115 6   2       185.97
115 7   4       191.50
116 1   6       818.16
116 2   1       831.21
116 3   18      911.95
116 4   13     1031.71
116 5   21     1439.94
116 6    8     1184.16
116 7    9     1254.18
117 1    2      471.08
117 2    6      261.44
117 3    10     439.57
117 4    2      421.74
117 5    6      842.24
117 6    4       96.23
117 7    0       72.65
118 1    2       90.68
118 2    3       89.37
118 3    3       75.52
118 4    7       98.50
118 5    3      119.19
118 6    2       94.80
118 7    3       70.06
119 1   23     5100.54
119 2   26     5307.80
119 3   31     5885.00
119 4   22     6305.05
119 5   41     8304.12
119 6   46     7028.99
119 7   37     6541.69
120 1   24     1310.08
120 2   38     1596.15
120 3   34     1577.69
120 4   38     1671.20
120 5   73     2328.10
120 6   63     2066.96
120 7   50     1728.15
121 1   0       66.77
121 2   0       70.67
121 3   0       70.74
121 4   0       73.27
121 5   2       87.12
121 6   0       83.26
121 7   0       89.24
122 1   17      2113.11
122 2   38      2294.60
122 3   38      2585.56
122 4   53      2524.49
122 5   78      3616.61
122 6   81      2887.93
122 7   67      2870.04
123 1   2        104.25
123 2   2        138.18
123 3   2        139.06
123 4   5        172.30
123 5   5        187.19
123 6   5        132.52
123 7   2        142.66
124 1   0         3.28
124 2   0         5.69
124 3   0         4.51
124 4   0         4.80
124 5   0         9.07
124 6   0         5.97
124 7   0         5.59
125 1   3        13.18
125 2   2        20.73
125 3   3        15.33
125 4   1        17.76
125 5   0        17.23
125 6   11        1.67
125 7   1         1.74
126 1   1        76.21
126 2   0        70.90
126 3   2        87.24
126 4   0       100.69
126 5   0       143.08
126 6   0       120.95
126 7   2       123.44
127 1   4       180.97
127 2   5       249.12
127 3   7       221.41
127 4   7       161.43
127 5   6       199.85
127 6   6       172.03
127 7   7       140.38
128 1   0        NA
128 2   0        NA
128 3   0        NA
128 4   0        NA
128 5   0        NA
128 6   0        NA
128 7   0        NA
129 1   19     795.17
129 2   26    1147.47
129 3   27     950.84
129 4   15     849.24
129 5   22     976.61
129 6   16     673.33
129 7   15     535.04
130 1   0       82.61
130 2   2       87.12
130 3   0      111.90
130 4   1      123.73
130 5   3      120.61
130 6   1      148.42
130 7   0       70.60
131 1   0       61.80
131 2   2      116.09
131 3   2       64.43
131 4   0       56.82
131 5   1       92.63
131 6   6      119.01
131 7   8      120.15
132 1   0        2.32
132 2   0        3.97
132 3   0       33.19
132 4   2       47.26
132 5   2       35.41
132 6   1       16.98
132 7   0       18.80
133 1   2       66.21
133 2   0       65.70
133 3   0       69.91
133 4   0       46.29
133 5   0       91.12
133 6   1       78.46
133 7   2       84.36
 